-0.9082341679190868
-0.9090909090909091
-0.9090909090909091
-0.9090909090909091
-0.15188102592967326
-0.7287790610628728
-0.9082818189942546
-0.9020372026615706
-0.5751731101939792
-0.6250045228712588
-0.9090909090895819
-0.9090709987397697
-0.847255822213611
-0.9090909090909086
-0.9090909001947798
-0.7625206873119761
-0.8506717058503286
-0.8201678755563919
-0.8117228518396805
-0.9090909090909091
-0.9090909042748134
-0.8827329690387772
-0.9015412798234054
-0.09188775447460967
-0.6055798903758357
-0.6340736503758306
-0.26316450767221355
-0.9090909090909091
-0.882985057830671
-0.7822251073421314
-0.9090909090909086
-0.702855158836605
-0.9020291384063843
-0.9090909090909091
-0.9051471923026297
-0.9090909042214758
-0.7942345543307623
-0.5577563690540319
-0.8920283544358498
-0.5837749789638612
-0.9090909090909086
-0.3699303100157807
-0.9090909090909091
-0.9012584231663804
-0.9087712111452471
-0.9027789819656569
-0.7465934985447331
-0.9014958519640952
-0.1875099280547024
-0.8907105040761164
-0.9090909090909091
-0.8482416173739102
-0.366506942963174
-0.37732187894141067
-0.7955056715743906
-0.6222936043175172
-0.9090909090909091
-0.9090909090909091
-0.8281464134538281
-0.6823644039605103
-0.9087667879760215
-0.462276890371532
-0.9090909090909091
-0.6851328941022892
-0.7455426251753577
-0.9019310805426104
-0.7455350967795176
-0.8165409703608549
-0.6136420700823433
-0.9087394207069548
-0.7494131165823168
-0.90874264468081
-0.9090909090895117
-0.9090909090909086
-0.3405965783993882
-0.1334760866086125
-0.4445224611862348
-0.9090909090909086
-0.9087697798762315
-0.8534452492424317
-0.9090909090895885
-0.9090909090908049
-0.9090909090909086
-0.9012283480533125
-0.528954601989461
-0.4350238236211988
-0.9090909090909091
-0.7357677139045786
-0.9017883736300393
-0.09077499098479538
-0.27894408712879903
-0.728703463904363
-0.6338782954650483
-0.1998986524987706
-0.6797875447054225
-0.6137637679283808
-0.45701573594164346
-0.2625743233355776
-0.6037592500297685
-0.4366672010564109
